{
 "cells": [
  {
   "cell_type": "code",
   "execution_count": 1,
   "id": "b171df78",
   "metadata": {},
   "outputs": [],
   "source": [
    "import pandas as pd\n",
    "import matplotlib.pyplot as plt\n",
    "import numpy as np"
   ]
  },
  {
   "cell_type": "code",
   "execution_count": 2,
   "id": "c679635e",
   "metadata": {},
   "outputs": [
    {
     "data": {
      "text/html": [
       "<div>\n",
       "<style scoped>\n",
       "    .dataframe tbody tr th:only-of-type {\n",
       "        vertical-align: middle;\n",
       "    }\n",
       "\n",
       "    .dataframe tbody tr th {\n",
       "        vertical-align: top;\n",
       "    }\n",
       "\n",
       "    .dataframe thead th {\n",
       "        text-align: right;\n",
       "    }\n",
       "</style>\n",
       "<table border=\"1\" class=\"dataframe\">\n",
       "  <thead>\n",
       "    <tr style=\"text-align: right;\">\n",
       "      <th></th>\n",
       "      <th>age</th>\n",
       "      <th>gender</th>\n",
       "      <th>height</th>\n",
       "      <th>weight</th>\n",
       "      <th>ap_hi</th>\n",
       "      <th>ap_lo</th>\n",
       "      <th>cholesterol</th>\n",
       "      <th>gluc</th>\n",
       "      <th>smoke</th>\n",
       "      <th>alco</th>\n",
       "      <th>active</th>\n",
       "      <th>cardio</th>\n",
       "      <th>count</th>\n",
       "    </tr>\n",
       "  </thead>\n",
       "  <tbody>\n",
       "    <tr>\n",
       "      <th>0</th>\n",
       "      <td>20669.682405</td>\n",
       "      <td>1.103330</td>\n",
       "      <td>160.565155</td>\n",
       "      <td>76.843981</td>\n",
       "      <td>133.340557</td>\n",
       "      <td>83.976464</td>\n",
       "      <td>2.494546</td>\n",
       "      <td>1.179966</td>\n",
       "      <td>0.000574</td>\n",
       "      <td>0.000000</td>\n",
       "      <td>0.936137</td>\n",
       "      <td>0.713261</td>\n",
       "      <td>6968.0</td>\n",
       "    </tr>\n",
       "    <tr>\n",
       "      <th>1</th>\n",
       "      <td>16804.790804</td>\n",
       "      <td>1.021560</td>\n",
       "      <td>161.676769</td>\n",
       "      <td>67.960855</td>\n",
       "      <td>120.330591</td>\n",
       "      <td>78.030912</td>\n",
       "      <td>1.088146</td>\n",
       "      <td>1.053251</td>\n",
       "      <td>0.000000</td>\n",
       "      <td>0.000000</td>\n",
       "      <td>0.999567</td>\n",
       "      <td>0.303922</td>\n",
       "      <td>11549.0</td>\n",
       "    </tr>\n",
       "    <tr>\n",
       "      <th>2</th>\n",
       "      <td>19097.375367</td>\n",
       "      <td>1.856758</td>\n",
       "      <td>169.229187</td>\n",
       "      <td>76.969956</td>\n",
       "      <td>127.459843</td>\n",
       "      <td>81.954212</td>\n",
       "      <td>1.328844</td>\n",
       "      <td>1.154995</td>\n",
       "      <td>1.000000</td>\n",
       "      <td>0.000000</td>\n",
       "      <td>0.831783</td>\n",
       "      <td>0.472576</td>\n",
       "      <td>4084.0</td>\n",
       "    </tr>\n",
       "    <tr>\n",
       "      <th>3</th>\n",
       "      <td>20343.658140</td>\n",
       "      <td>1.291097</td>\n",
       "      <td>163.757684</td>\n",
       "      <td>77.412056</td>\n",
       "      <td>130.465992</td>\n",
       "      <td>83.475114</td>\n",
       "      <td>2.412453</td>\n",
       "      <td>2.967678</td>\n",
       "      <td>0.030537</td>\n",
       "      <td>0.007139</td>\n",
       "      <td>0.794368</td>\n",
       "      <td>0.630180</td>\n",
       "      <td>5043.0</td>\n",
       "    </tr>\n",
       "    <tr>\n",
       "      <th>4</th>\n",
       "      <td>19856.270474</td>\n",
       "      <td>1.394397</td>\n",
       "      <td>164.149784</td>\n",
       "      <td>80.874784</td>\n",
       "      <td>283.534483</td>\n",
       "      <td>1205.133621</td>\n",
       "      <td>1.545259</td>\n",
       "      <td>1.271552</td>\n",
       "      <td>0.084052</td>\n",
       "      <td>0.039871</td>\n",
       "      <td>0.831897</td>\n",
       "      <td>0.846983</td>\n",
       "      <td>928.0</td>\n",
       "    </tr>\n",
       "    <tr>\n",
       "      <th>5</th>\n",
       "      <td>19141.376863</td>\n",
       "      <td>1.699810</td>\n",
       "      <td>167.741804</td>\n",
       "      <td>78.135546</td>\n",
       "      <td>129.364129</td>\n",
       "      <td>89.604443</td>\n",
       "      <td>1.451368</td>\n",
       "      <td>1.235979</td>\n",
       "      <td>0.500948</td>\n",
       "      <td>1.000000</td>\n",
       "      <td>0.845299</td>\n",
       "      <td>0.476836</td>\n",
       "      <td>3691.0</td>\n",
       "    </tr>\n",
       "    <tr>\n",
       "      <th>6</th>\n",
       "      <td>19349.775968</td>\n",
       "      <td>1.991693</td>\n",
       "      <td>170.617485</td>\n",
       "      <td>77.147463</td>\n",
       "      <td>127.574225</td>\n",
       "      <td>81.887326</td>\n",
       "      <td>1.144338</td>\n",
       "      <td>1.067440</td>\n",
       "      <td>0.000000</td>\n",
       "      <td>0.000000</td>\n",
       "      <td>0.996628</td>\n",
       "      <td>0.475121</td>\n",
       "      <td>12159.0</td>\n",
       "    </tr>\n",
       "    <tr>\n",
       "      <th>7</th>\n",
       "      <td>19400.027430</td>\n",
       "      <td>1.312297</td>\n",
       "      <td>164.301548</td>\n",
       "      <td>73.431637</td>\n",
       "      <td>125.519970</td>\n",
       "      <td>81.079418</td>\n",
       "      <td>1.171532</td>\n",
       "      <td>1.079789</td>\n",
       "      <td>0.000000</td>\n",
       "      <td>0.000000</td>\n",
       "      <td>0.000000</td>\n",
       "      <td>0.509221</td>\n",
       "      <td>10791.0</td>\n",
       "    </tr>\n",
       "    <tr>\n",
       "      <th>8</th>\n",
       "      <td>20993.569960</td>\n",
       "      <td>1.010617</td>\n",
       "      <td>161.167174</td>\n",
       "      <td>72.729311</td>\n",
       "      <td>126.708934</td>\n",
       "      <td>81.317779</td>\n",
       "      <td>1.000338</td>\n",
       "      <td>1.042132</td>\n",
       "      <td>0.000000</td>\n",
       "      <td>0.000000</td>\n",
       "      <td>0.999594</td>\n",
       "      <td>0.512139</td>\n",
       "      <td>14787.0</td>\n",
       "    </tr>\n",
       "  </tbody>\n",
       "</table>\n",
       "</div>"
      ],
      "text/plain": [
       "            age    gender      height     weight       ap_hi        ap_lo  \\\n",
       "0  20669.682405  1.103330  160.565155  76.843981  133.340557    83.976464   \n",
       "1  16804.790804  1.021560  161.676769  67.960855  120.330591    78.030912   \n",
       "2  19097.375367  1.856758  169.229187  76.969956  127.459843    81.954212   \n",
       "3  20343.658140  1.291097  163.757684  77.412056  130.465992    83.475114   \n",
       "4  19856.270474  1.394397  164.149784  80.874784  283.534483  1205.133621   \n",
       "5  19141.376863  1.699810  167.741804  78.135546  129.364129    89.604443   \n",
       "6  19349.775968  1.991693  170.617485  77.147463  127.574225    81.887326   \n",
       "7  19400.027430  1.312297  164.301548  73.431637  125.519970    81.079418   \n",
       "8  20993.569960  1.010617  161.167174  72.729311  126.708934    81.317779   \n",
       "\n",
       "   cholesterol      gluc     smoke      alco    active    cardio    count  \n",
       "0     2.494546  1.179966  0.000574  0.000000  0.936137  0.713261   6968.0  \n",
       "1     1.088146  1.053251  0.000000  0.000000  0.999567  0.303922  11549.0  \n",
       "2     1.328844  1.154995  1.000000  0.000000  0.831783  0.472576   4084.0  \n",
       "3     2.412453  2.967678  0.030537  0.007139  0.794368  0.630180   5043.0  \n",
       "4     1.545259  1.271552  0.084052  0.039871  0.831897  0.846983    928.0  \n",
       "5     1.451368  1.235979  0.500948  1.000000  0.845299  0.476836   3691.0  \n",
       "6     1.144338  1.067440  0.000000  0.000000  0.996628  0.475121  12159.0  \n",
       "7     1.171532  1.079789  0.000000  0.000000  0.000000  0.509221  10791.0  \n",
       "8     1.000338  1.042132  0.000000  0.000000  0.999594  0.512139  14787.0  "
      ]
     },
     "execution_count": 2,
     "metadata": {},
     "output_type": "execute_result"
    }
   ],
   "source": [
    "df_infos = []\n",
    "for i in range(9): # 9 clusters\n",
    "    path = '../Data/Cluster'+str(i)\n",
    "    df = pd.read_csv(path, delimiter=',')\n",
    "    df.rename(columns={\"Unnamed: 0\": \"original_id\"},inplace=True)\n",
    "    df_info = df.mean().append(pd.Series({\"count\":len(df)}))\n",
    "    df_infos.append(df_info[2:]) # id averages are meaningless\n",
    "#     print(i, df.mean(), len(df), sep=\"\\n\")\n",
    "cluster_summaries = pd.concat(df_infos, axis=1).T\n",
    "cluster_summaries"
   ]
  },
  {
   "cell_type": "code",
   "execution_count": 17,
   "id": "ada36f72",
   "metadata": {},
   "outputs": [
    {
     "data": {
      "text/html": [
       "<div>\n",
       "<style scoped>\n",
       "    .dataframe tbody tr th:only-of-type {\n",
       "        vertical-align: middle;\n",
       "    }\n",
       "\n",
       "    .dataframe tbody tr th {\n",
       "        vertical-align: top;\n",
       "    }\n",
       "\n",
       "    .dataframe thead th {\n",
       "        text-align: right;\n",
       "    }\n",
       "</style>\n",
       "<table border=\"1\" class=\"dataframe\">\n",
       "  <thead>\n",
       "    <tr style=\"text-align: right;\">\n",
       "      <th></th>\n",
       "      <th>age</th>\n",
       "      <th>gender</th>\n",
       "      <th>height</th>\n",
       "      <th>weight</th>\n",
       "      <th>ap_hi</th>\n",
       "      <th>ap_lo</th>\n",
       "      <th>cholesterol</th>\n",
       "      <th>gluc</th>\n",
       "      <th>smoke</th>\n",
       "      <th>alco</th>\n",
       "      <th>active</th>\n",
       "      <th>cardio</th>\n",
       "      <th>count</th>\n",
       "      <th>baseline</th>\n",
       "    </tr>\n",
       "  </thead>\n",
       "  <tbody>\n",
       "    <tr>\n",
       "      <th>0</th>\n",
       "      <td>56.629267</td>\n",
       "      <td>1.103330</td>\n",
       "      <td>160.565155</td>\n",
       "      <td>76.843981</td>\n",
       "      <td>133.340557</td>\n",
       "      <td>83.976464</td>\n",
       "      <td>2.494546</td>\n",
       "      <td>1.179966</td>\n",
       "      <td>0.000574</td>\n",
       "      <td>0.000000</td>\n",
       "      <td>0.936137</td>\n",
       "      <td>0.713261</td>\n",
       "      <td>6968.0</td>\n",
       "      <td>0.713261</td>\n",
       "    </tr>\n",
       "    <tr>\n",
       "      <th>1</th>\n",
       "      <td>46.040523</td>\n",
       "      <td>1.021560</td>\n",
       "      <td>161.676769</td>\n",
       "      <td>67.960855</td>\n",
       "      <td>120.330591</td>\n",
       "      <td>78.030912</td>\n",
       "      <td>1.088146</td>\n",
       "      <td>1.053251</td>\n",
       "      <td>0.000000</td>\n",
       "      <td>0.000000</td>\n",
       "      <td>0.999567</td>\n",
       "      <td>0.303922</td>\n",
       "      <td>11549.0</td>\n",
       "      <td>0.696078</td>\n",
       "    </tr>\n",
       "    <tr>\n",
       "      <th>2</th>\n",
       "      <td>52.321576</td>\n",
       "      <td>1.856758</td>\n",
       "      <td>169.229187</td>\n",
       "      <td>76.969956</td>\n",
       "      <td>127.459843</td>\n",
       "      <td>81.954212</td>\n",
       "      <td>1.328844</td>\n",
       "      <td>1.154995</td>\n",
       "      <td>1.000000</td>\n",
       "      <td>0.000000</td>\n",
       "      <td>0.831783</td>\n",
       "      <td>0.472576</td>\n",
       "      <td>4084.0</td>\n",
       "      <td>0.527424</td>\n",
       "    </tr>\n",
       "    <tr>\n",
       "      <th>3</th>\n",
       "      <td>55.736050</td>\n",
       "      <td>1.291097</td>\n",
       "      <td>163.757684</td>\n",
       "      <td>77.412056</td>\n",
       "      <td>130.465992</td>\n",
       "      <td>83.475114</td>\n",
       "      <td>2.412453</td>\n",
       "      <td>2.967678</td>\n",
       "      <td>0.030537</td>\n",
       "      <td>0.007139</td>\n",
       "      <td>0.794368</td>\n",
       "      <td>0.630180</td>\n",
       "      <td>5043.0</td>\n",
       "      <td>0.630180</td>\n",
       "    </tr>\n",
       "    <tr>\n",
       "      <th>4</th>\n",
       "      <td>54.400741</td>\n",
       "      <td>1.394397</td>\n",
       "      <td>164.149784</td>\n",
       "      <td>80.874784</td>\n",
       "      <td>283.534483</td>\n",
       "      <td>1205.133621</td>\n",
       "      <td>1.545259</td>\n",
       "      <td>1.271552</td>\n",
       "      <td>0.084052</td>\n",
       "      <td>0.039871</td>\n",
       "      <td>0.831897</td>\n",
       "      <td>0.846983</td>\n",
       "      <td>928.0</td>\n",
       "      <td>0.846983</td>\n",
       "    </tr>\n",
       "    <tr>\n",
       "      <th>5</th>\n",
       "      <td>52.442128</td>\n",
       "      <td>1.699810</td>\n",
       "      <td>167.741804</td>\n",
       "      <td>78.135546</td>\n",
       "      <td>129.364129</td>\n",
       "      <td>89.604443</td>\n",
       "      <td>1.451368</td>\n",
       "      <td>1.235979</td>\n",
       "      <td>0.500948</td>\n",
       "      <td>1.000000</td>\n",
       "      <td>0.845299</td>\n",
       "      <td>0.476836</td>\n",
       "      <td>3691.0</td>\n",
       "      <td>0.523164</td>\n",
       "    </tr>\n",
       "    <tr>\n",
       "      <th>6</th>\n",
       "      <td>53.013085</td>\n",
       "      <td>1.991693</td>\n",
       "      <td>170.617485</td>\n",
       "      <td>77.147463</td>\n",
       "      <td>127.574225</td>\n",
       "      <td>81.887326</td>\n",
       "      <td>1.144338</td>\n",
       "      <td>1.067440</td>\n",
       "      <td>0.000000</td>\n",
       "      <td>0.000000</td>\n",
       "      <td>0.996628</td>\n",
       "      <td>0.475121</td>\n",
       "      <td>12159.0</td>\n",
       "      <td>0.524879</td>\n",
       "    </tr>\n",
       "    <tr>\n",
       "      <th>7</th>\n",
       "      <td>53.150760</td>\n",
       "      <td>1.312297</td>\n",
       "      <td>164.301548</td>\n",
       "      <td>73.431637</td>\n",
       "      <td>125.519970</td>\n",
       "      <td>81.079418</td>\n",
       "      <td>1.171532</td>\n",
       "      <td>1.079789</td>\n",
       "      <td>0.000000</td>\n",
       "      <td>0.000000</td>\n",
       "      <td>0.000000</td>\n",
       "      <td>0.509221</td>\n",
       "      <td>10791.0</td>\n",
       "      <td>0.509221</td>\n",
       "    </tr>\n",
       "    <tr>\n",
       "      <th>8</th>\n",
       "      <td>57.516630</td>\n",
       "      <td>1.010617</td>\n",
       "      <td>161.167174</td>\n",
       "      <td>72.729311</td>\n",
       "      <td>126.708934</td>\n",
       "      <td>81.317779</td>\n",
       "      <td>1.000338</td>\n",
       "      <td>1.042132</td>\n",
       "      <td>0.000000</td>\n",
       "      <td>0.000000</td>\n",
       "      <td>0.999594</td>\n",
       "      <td>0.512139</td>\n",
       "      <td>14787.0</td>\n",
       "      <td>0.512139</td>\n",
       "    </tr>\n",
       "  </tbody>\n",
       "</table>\n",
       "</div>"
      ],
      "text/plain": [
       "         age    gender      height     weight       ap_hi        ap_lo  \\\n",
       "0  56.629267  1.103330  160.565155  76.843981  133.340557    83.976464   \n",
       "1  46.040523  1.021560  161.676769  67.960855  120.330591    78.030912   \n",
       "2  52.321576  1.856758  169.229187  76.969956  127.459843    81.954212   \n",
       "3  55.736050  1.291097  163.757684  77.412056  130.465992    83.475114   \n",
       "4  54.400741  1.394397  164.149784  80.874784  283.534483  1205.133621   \n",
       "5  52.442128  1.699810  167.741804  78.135546  129.364129    89.604443   \n",
       "6  53.013085  1.991693  170.617485  77.147463  127.574225    81.887326   \n",
       "7  53.150760  1.312297  164.301548  73.431637  125.519970    81.079418   \n",
       "8  57.516630  1.010617  161.167174  72.729311  126.708934    81.317779   \n",
       "\n",
       "   cholesterol      gluc     smoke      alco    active    cardio    count  \\\n",
       "0     2.494546  1.179966  0.000574  0.000000  0.936137  0.713261   6968.0   \n",
       "1     1.088146  1.053251  0.000000  0.000000  0.999567  0.303922  11549.0   \n",
       "2     1.328844  1.154995  1.000000  0.000000  0.831783  0.472576   4084.0   \n",
       "3     2.412453  2.967678  0.030537  0.007139  0.794368  0.630180   5043.0   \n",
       "4     1.545259  1.271552  0.084052  0.039871  0.831897  0.846983    928.0   \n",
       "5     1.451368  1.235979  0.500948  1.000000  0.845299  0.476836   3691.0   \n",
       "6     1.144338  1.067440  0.000000  0.000000  0.996628  0.475121  12159.0   \n",
       "7     1.171532  1.079789  0.000000  0.000000  0.000000  0.509221  10791.0   \n",
       "8     1.000338  1.042132  0.000000  0.000000  0.999594  0.512139  14787.0   \n",
       "\n",
       "   baseline  \n",
       "0  0.713261  \n",
       "1  0.696078  \n",
       "2  0.527424  \n",
       "3  0.630180  \n",
       "4  0.846983  \n",
       "5  0.523164  \n",
       "6  0.524879  \n",
       "7  0.509221  \n",
       "8  0.512139  "
      ]
     },
     "execution_count": 17,
     "metadata": {},
     "output_type": "execute_result"
    }
   ],
   "source": [
    "cluster_summaries[\"baseline\"] = pd.concat([cluster_summaries[\"cardio\"], 1-cluster_summaries[\"cardio\"]],axis=1).max(axis=1)\n",
    "cluster_summaries#.sort_values(by=['baseline'], ascending=False)"
   ]
  },
  {
   "cell_type": "code",
   "execution_count": 3,
   "id": "09a936d7",
   "metadata": {},
   "outputs": [
    {
     "data": {
      "text/html": [
       "<div>\n",
       "<style scoped>\n",
       "    .dataframe tbody tr th:only-of-type {\n",
       "        vertical-align: middle;\n",
       "    }\n",
       "\n",
       "    .dataframe tbody tr th {\n",
       "        vertical-align: top;\n",
       "    }\n",
       "\n",
       "    .dataframe thead th {\n",
       "        text-align: right;\n",
       "    }\n",
       "</style>\n",
       "<table border=\"1\" class=\"dataframe\">\n",
       "  <thead>\n",
       "    <tr style=\"text-align: right;\">\n",
       "      <th></th>\n",
       "      <th>age</th>\n",
       "      <th>gender</th>\n",
       "      <th>height</th>\n",
       "      <th>weight</th>\n",
       "      <th>ap_hi</th>\n",
       "      <th>ap_lo</th>\n",
       "      <th>cholesterol</th>\n",
       "      <th>gluc</th>\n",
       "      <th>smoke</th>\n",
       "      <th>alco</th>\n",
       "      <th>active</th>\n",
       "      <th>cardio</th>\n",
       "      <th>count</th>\n",
       "    </tr>\n",
       "  </thead>\n",
       "  <tbody>\n",
       "    <tr>\n",
       "      <th>8</th>\n",
       "      <td>57.516630</td>\n",
       "      <td>1.010617</td>\n",
       "      <td>161.167174</td>\n",
       "      <td>72.729311</td>\n",
       "      <td>126.708934</td>\n",
       "      <td>81.317779</td>\n",
       "      <td>1.000338</td>\n",
       "      <td>1.042132</td>\n",
       "      <td>0.000000</td>\n",
       "      <td>0.000000</td>\n",
       "      <td>0.999594</td>\n",
       "      <td>0.512139</td>\n",
       "      <td>14787.0</td>\n",
       "    </tr>\n",
       "    <tr>\n",
       "      <th>6</th>\n",
       "      <td>53.013085</td>\n",
       "      <td>1.991693</td>\n",
       "      <td>170.617485</td>\n",
       "      <td>77.147463</td>\n",
       "      <td>127.574225</td>\n",
       "      <td>81.887326</td>\n",
       "      <td>1.144338</td>\n",
       "      <td>1.067440</td>\n",
       "      <td>0.000000</td>\n",
       "      <td>0.000000</td>\n",
       "      <td>0.996628</td>\n",
       "      <td>0.475121</td>\n",
       "      <td>12159.0</td>\n",
       "    </tr>\n",
       "    <tr>\n",
       "      <th>1</th>\n",
       "      <td>46.040523</td>\n",
       "      <td>1.021560</td>\n",
       "      <td>161.676769</td>\n",
       "      <td>67.960855</td>\n",
       "      <td>120.330591</td>\n",
       "      <td>78.030912</td>\n",
       "      <td>1.088146</td>\n",
       "      <td>1.053251</td>\n",
       "      <td>0.000000</td>\n",
       "      <td>0.000000</td>\n",
       "      <td>0.999567</td>\n",
       "      <td>0.303922</td>\n",
       "      <td>11549.0</td>\n",
       "    </tr>\n",
       "    <tr>\n",
       "      <th>7</th>\n",
       "      <td>53.150760</td>\n",
       "      <td>1.312297</td>\n",
       "      <td>164.301548</td>\n",
       "      <td>73.431637</td>\n",
       "      <td>125.519970</td>\n",
       "      <td>81.079418</td>\n",
       "      <td>1.171532</td>\n",
       "      <td>1.079789</td>\n",
       "      <td>0.000000</td>\n",
       "      <td>0.000000</td>\n",
       "      <td>0.000000</td>\n",
       "      <td>0.509221</td>\n",
       "      <td>10791.0</td>\n",
       "    </tr>\n",
       "    <tr>\n",
       "      <th>0</th>\n",
       "      <td>56.629267</td>\n",
       "      <td>1.103330</td>\n",
       "      <td>160.565155</td>\n",
       "      <td>76.843981</td>\n",
       "      <td>133.340557</td>\n",
       "      <td>83.976464</td>\n",
       "      <td>2.494546</td>\n",
       "      <td>1.179966</td>\n",
       "      <td>0.000574</td>\n",
       "      <td>0.000000</td>\n",
       "      <td>0.936137</td>\n",
       "      <td>0.713261</td>\n",
       "      <td>6968.0</td>\n",
       "    </tr>\n",
       "    <tr>\n",
       "      <th>3</th>\n",
       "      <td>55.736050</td>\n",
       "      <td>1.291097</td>\n",
       "      <td>163.757684</td>\n",
       "      <td>77.412056</td>\n",
       "      <td>130.465992</td>\n",
       "      <td>83.475114</td>\n",
       "      <td>2.412453</td>\n",
       "      <td>2.967678</td>\n",
       "      <td>0.030537</td>\n",
       "      <td>0.007139</td>\n",
       "      <td>0.794368</td>\n",
       "      <td>0.630180</td>\n",
       "      <td>5043.0</td>\n",
       "    </tr>\n",
       "    <tr>\n",
       "      <th>2</th>\n",
       "      <td>52.321576</td>\n",
       "      <td>1.856758</td>\n",
       "      <td>169.229187</td>\n",
       "      <td>76.969956</td>\n",
       "      <td>127.459843</td>\n",
       "      <td>81.954212</td>\n",
       "      <td>1.328844</td>\n",
       "      <td>1.154995</td>\n",
       "      <td>1.000000</td>\n",
       "      <td>0.000000</td>\n",
       "      <td>0.831783</td>\n",
       "      <td>0.472576</td>\n",
       "      <td>4084.0</td>\n",
       "    </tr>\n",
       "    <tr>\n",
       "      <th>5</th>\n",
       "      <td>52.442128</td>\n",
       "      <td>1.699810</td>\n",
       "      <td>167.741804</td>\n",
       "      <td>78.135546</td>\n",
       "      <td>129.364129</td>\n",
       "      <td>89.604443</td>\n",
       "      <td>1.451368</td>\n",
       "      <td>1.235979</td>\n",
       "      <td>0.500948</td>\n",
       "      <td>1.000000</td>\n",
       "      <td>0.845299</td>\n",
       "      <td>0.476836</td>\n",
       "      <td>3691.0</td>\n",
       "    </tr>\n",
       "    <tr>\n",
       "      <th>4</th>\n",
       "      <td>54.400741</td>\n",
       "      <td>1.394397</td>\n",
       "      <td>164.149784</td>\n",
       "      <td>80.874784</td>\n",
       "      <td>283.534483</td>\n",
       "      <td>1205.133621</td>\n",
       "      <td>1.545259</td>\n",
       "      <td>1.271552</td>\n",
       "      <td>0.084052</td>\n",
       "      <td>0.039871</td>\n",
       "      <td>0.831897</td>\n",
       "      <td>0.846983</td>\n",
       "      <td>928.0</td>\n",
       "    </tr>\n",
       "  </tbody>\n",
       "</table>\n",
       "</div>"
      ],
      "text/plain": [
       "         age    gender      height     weight       ap_hi        ap_lo  \\\n",
       "8  57.516630  1.010617  161.167174  72.729311  126.708934    81.317779   \n",
       "6  53.013085  1.991693  170.617485  77.147463  127.574225    81.887326   \n",
       "1  46.040523  1.021560  161.676769  67.960855  120.330591    78.030912   \n",
       "7  53.150760  1.312297  164.301548  73.431637  125.519970    81.079418   \n",
       "0  56.629267  1.103330  160.565155  76.843981  133.340557    83.976464   \n",
       "3  55.736050  1.291097  163.757684  77.412056  130.465992    83.475114   \n",
       "2  52.321576  1.856758  169.229187  76.969956  127.459843    81.954212   \n",
       "5  52.442128  1.699810  167.741804  78.135546  129.364129    89.604443   \n",
       "4  54.400741  1.394397  164.149784  80.874784  283.534483  1205.133621   \n",
       "\n",
       "   cholesterol      gluc     smoke      alco    active    cardio    count  \n",
       "8     1.000338  1.042132  0.000000  0.000000  0.999594  0.512139  14787.0  \n",
       "6     1.144338  1.067440  0.000000  0.000000  0.996628  0.475121  12159.0  \n",
       "1     1.088146  1.053251  0.000000  0.000000  0.999567  0.303922  11549.0  \n",
       "7     1.171532  1.079789  0.000000  0.000000  0.000000  0.509221  10791.0  \n",
       "0     2.494546  1.179966  0.000574  0.000000  0.936137  0.713261   6968.0  \n",
       "3     2.412453  2.967678  0.030537  0.007139  0.794368  0.630180   5043.0  \n",
       "2     1.328844  1.154995  1.000000  0.000000  0.831783  0.472576   4084.0  \n",
       "5     1.451368  1.235979  0.500948  1.000000  0.845299  0.476836   3691.0  \n",
       "4     1.545259  1.271552  0.084052  0.039871  0.831897  0.846983    928.0  "
      ]
     },
     "execution_count": 3,
     "metadata": {},
     "output_type": "execute_result"
    }
   ],
   "source": [
    "n,m = cluster_summaries.shape\n",
    "cluster_summaries[\"age\"] = cluster_summaries[\"age\"].div(365)\n",
    "cluster_summaries.sort_values(by=['count'], ascending=False) #8,6,(1),7"
   ]
  },
  {
   "cell_type": "code",
   "execution_count": 4,
   "id": "e3e9b2d8",
   "metadata": {},
   "outputs": [
    {
     "data": {
      "text/html": [
       "<div>\n",
       "<style scoped>\n",
       "    .dataframe tbody tr th:only-of-type {\n",
       "        vertical-align: middle;\n",
       "    }\n",
       "\n",
       "    .dataframe tbody tr th {\n",
       "        vertical-align: top;\n",
       "    }\n",
       "\n",
       "    .dataframe thead th {\n",
       "        text-align: right;\n",
       "    }\n",
       "</style>\n",
       "<table border=\"1\" class=\"dataframe\">\n",
       "  <thead>\n",
       "    <tr style=\"text-align: right;\">\n",
       "      <th></th>\n",
       "      <th>age</th>\n",
       "      <th>gender</th>\n",
       "      <th>height</th>\n",
       "      <th>weight</th>\n",
       "      <th>ap_hi</th>\n",
       "      <th>ap_lo</th>\n",
       "      <th>cholesterol</th>\n",
       "      <th>gluc</th>\n",
       "      <th>smoke</th>\n",
       "      <th>alco</th>\n",
       "      <th>active</th>\n",
       "      <th>cardio</th>\n",
       "      <th>count</th>\n",
       "    </tr>\n",
       "  </thead>\n",
       "  <tbody>\n",
       "    <tr>\n",
       "      <th>4</th>\n",
       "      <td>54.400741</td>\n",
       "      <td>1.394397</td>\n",
       "      <td>164.149784</td>\n",
       "      <td>80.874784</td>\n",
       "      <td>283.534483</td>\n",
       "      <td>1205.133621</td>\n",
       "      <td>1.545259</td>\n",
       "      <td>1.271552</td>\n",
       "      <td>0.084052</td>\n",
       "      <td>0.039871</td>\n",
       "      <td>0.831897</td>\n",
       "      <td>0.846983</td>\n",
       "      <td>928.0</td>\n",
       "    </tr>\n",
       "    <tr>\n",
       "      <th>0</th>\n",
       "      <td>56.629267</td>\n",
       "      <td>1.103330</td>\n",
       "      <td>160.565155</td>\n",
       "      <td>76.843981</td>\n",
       "      <td>133.340557</td>\n",
       "      <td>83.976464</td>\n",
       "      <td>2.494546</td>\n",
       "      <td>1.179966</td>\n",
       "      <td>0.000574</td>\n",
       "      <td>0.000000</td>\n",
       "      <td>0.936137</td>\n",
       "      <td>0.713261</td>\n",
       "      <td>6968.0</td>\n",
       "    </tr>\n",
       "    <tr>\n",
       "      <th>3</th>\n",
       "      <td>55.736050</td>\n",
       "      <td>1.291097</td>\n",
       "      <td>163.757684</td>\n",
       "      <td>77.412056</td>\n",
       "      <td>130.465992</td>\n",
       "      <td>83.475114</td>\n",
       "      <td>2.412453</td>\n",
       "      <td>2.967678</td>\n",
       "      <td>0.030537</td>\n",
       "      <td>0.007139</td>\n",
       "      <td>0.794368</td>\n",
       "      <td>0.630180</td>\n",
       "      <td>5043.0</td>\n",
       "    </tr>\n",
       "    <tr>\n",
       "      <th>8</th>\n",
       "      <td>57.516630</td>\n",
       "      <td>1.010617</td>\n",
       "      <td>161.167174</td>\n",
       "      <td>72.729311</td>\n",
       "      <td>126.708934</td>\n",
       "      <td>81.317779</td>\n",
       "      <td>1.000338</td>\n",
       "      <td>1.042132</td>\n",
       "      <td>0.000000</td>\n",
       "      <td>0.000000</td>\n",
       "      <td>0.999594</td>\n",
       "      <td>0.512139</td>\n",
       "      <td>14787.0</td>\n",
       "    </tr>\n",
       "    <tr>\n",
       "      <th>7</th>\n",
       "      <td>53.150760</td>\n",
       "      <td>1.312297</td>\n",
       "      <td>164.301548</td>\n",
       "      <td>73.431637</td>\n",
       "      <td>125.519970</td>\n",
       "      <td>81.079418</td>\n",
       "      <td>1.171532</td>\n",
       "      <td>1.079789</td>\n",
       "      <td>0.000000</td>\n",
       "      <td>0.000000</td>\n",
       "      <td>0.000000</td>\n",
       "      <td>0.509221</td>\n",
       "      <td>10791.0</td>\n",
       "    </tr>\n",
       "    <tr>\n",
       "      <th>5</th>\n",
       "      <td>52.442128</td>\n",
       "      <td>1.699810</td>\n",
       "      <td>167.741804</td>\n",
       "      <td>78.135546</td>\n",
       "      <td>129.364129</td>\n",
       "      <td>89.604443</td>\n",
       "      <td>1.451368</td>\n",
       "      <td>1.235979</td>\n",
       "      <td>0.500948</td>\n",
       "      <td>1.000000</td>\n",
       "      <td>0.845299</td>\n",
       "      <td>0.476836</td>\n",
       "      <td>3691.0</td>\n",
       "    </tr>\n",
       "    <tr>\n",
       "      <th>6</th>\n",
       "      <td>53.013085</td>\n",
       "      <td>1.991693</td>\n",
       "      <td>170.617485</td>\n",
       "      <td>77.147463</td>\n",
       "      <td>127.574225</td>\n",
       "      <td>81.887326</td>\n",
       "      <td>1.144338</td>\n",
       "      <td>1.067440</td>\n",
       "      <td>0.000000</td>\n",
       "      <td>0.000000</td>\n",
       "      <td>0.996628</td>\n",
       "      <td>0.475121</td>\n",
       "      <td>12159.0</td>\n",
       "    </tr>\n",
       "    <tr>\n",
       "      <th>2</th>\n",
       "      <td>52.321576</td>\n",
       "      <td>1.856758</td>\n",
       "      <td>169.229187</td>\n",
       "      <td>76.969956</td>\n",
       "      <td>127.459843</td>\n",
       "      <td>81.954212</td>\n",
       "      <td>1.328844</td>\n",
       "      <td>1.154995</td>\n",
       "      <td>1.000000</td>\n",
       "      <td>0.000000</td>\n",
       "      <td>0.831783</td>\n",
       "      <td>0.472576</td>\n",
       "      <td>4084.0</td>\n",
       "    </tr>\n",
       "    <tr>\n",
       "      <th>1</th>\n",
       "      <td>46.040523</td>\n",
       "      <td>1.021560</td>\n",
       "      <td>161.676769</td>\n",
       "      <td>67.960855</td>\n",
       "      <td>120.330591</td>\n",
       "      <td>78.030912</td>\n",
       "      <td>1.088146</td>\n",
       "      <td>1.053251</td>\n",
       "      <td>0.000000</td>\n",
       "      <td>0.000000</td>\n",
       "      <td>0.999567</td>\n",
       "      <td>0.303922</td>\n",
       "      <td>11549.0</td>\n",
       "    </tr>\n",
       "  </tbody>\n",
       "</table>\n",
       "</div>"
      ],
      "text/plain": [
       "         age    gender      height     weight       ap_hi        ap_lo  \\\n",
       "4  54.400741  1.394397  164.149784  80.874784  283.534483  1205.133621   \n",
       "0  56.629267  1.103330  160.565155  76.843981  133.340557    83.976464   \n",
       "3  55.736050  1.291097  163.757684  77.412056  130.465992    83.475114   \n",
       "8  57.516630  1.010617  161.167174  72.729311  126.708934    81.317779   \n",
       "7  53.150760  1.312297  164.301548  73.431637  125.519970    81.079418   \n",
       "5  52.442128  1.699810  167.741804  78.135546  129.364129    89.604443   \n",
       "6  53.013085  1.991693  170.617485  77.147463  127.574225    81.887326   \n",
       "2  52.321576  1.856758  169.229187  76.969956  127.459843    81.954212   \n",
       "1  46.040523  1.021560  161.676769  67.960855  120.330591    78.030912   \n",
       "\n",
       "   cholesterol      gluc     smoke      alco    active    cardio    count  \n",
       "4     1.545259  1.271552  0.084052  0.039871  0.831897  0.846983    928.0  \n",
       "0     2.494546  1.179966  0.000574  0.000000  0.936137  0.713261   6968.0  \n",
       "3     2.412453  2.967678  0.030537  0.007139  0.794368  0.630180   5043.0  \n",
       "8     1.000338  1.042132  0.000000  0.000000  0.999594  0.512139  14787.0  \n",
       "7     1.171532  1.079789  0.000000  0.000000  0.000000  0.509221  10791.0  \n",
       "5     1.451368  1.235979  0.500948  1.000000  0.845299  0.476836   3691.0  \n",
       "6     1.144338  1.067440  0.000000  0.000000  0.996628  0.475121  12159.0  \n",
       "2     1.328844  1.154995  1.000000  0.000000  0.831783  0.472576   4084.0  \n",
       "1     1.088146  1.053251  0.000000  0.000000  0.999567  0.303922  11549.0  "
      ]
     },
     "execution_count": 4,
     "metadata": {},
     "output_type": "execute_result"
    }
   ],
   "source": [
    "cluster_summaries.sort_values(by=['cardio'], ascending=False)"
   ]
  },
  {
   "cell_type": "code",
   "execution_count": 5,
   "id": "b1c4ec09",
   "metadata": {},
   "outputs": [
    {
     "data": {
      "text/plain": [
       "0.4997"
      ]
     },
     "execution_count": 5,
     "metadata": {},
     "output_type": "execute_result"
    }
   ],
   "source": [
    "# check overall target %\n",
    "sum(cluster_summaries[\"cardio\"]*cluster_summaries[\"count\"])/sum(cluster_summaries[\"count\"])"
   ]
  },
  {
   "cell_type": "code",
   "execution_count": 6,
   "id": "154edee9",
   "metadata": {
    "scrolled": true
   },
   "outputs": [
    {
     "data": {
